0.148516 1.000000
0.183950 0.987733
0.183950 0.987733
0.183950 0.987733
0.202703 0.982579
0.203131 0.982023
0.211352 0.978868
0.214506 0.976784
0.214797 0.976506
0.225254 0.972662
0.227613 0.971058
0.230866 0.969925
0.239171 0.966733
0.240783 0.965569
0.247558 0.962188
0.252277 0.960284
0.254626 0.959134
0.262314 0.955961
0.264295 0.954576
0.269194 0.952155
0.274440 0.949334
0.275695 0.948068
0.283095 0.944729
0.286648 0.942839
0.289923 0.940440
0.295620 0.937756
0.297925 0.936187
0.303505 0.933319
0.308036 0.930324
0.310202 0.928510
0.315082 0.925943
0.319189 0.923744
0.322454 0.921717
0.327223 0.919241
0.330648 0.917064
0.333996 0.914547
0.338649 0.911684
0.342541 0.908601
0.345709 0.906592
0.349073 0.904498
0.353354 0.901348
0.356600 0.899009
0.359916 0.897317
0.363625 0.894704
0.368178 0.892058
0.371657 0.889641
0.375190 0.887009
0.378553 0.884715
0.382360 0.881470
0.385749 0.879217
0.389256 0.876105
0.392551 0.872905
0.394152 0.871586
0.397744 0.869131
0.401164 0.866032
0.404792 0.863661
0.408061 0.860541
0.411207 0.858510
0.414365 0.855868
0.417766 0.852951
0.419905 0.851050
0.423835 0.847008
0.425564 0.844568
0.429301 0.840724
0.431195 0.838931
0.434992 0.835693
0.437050 0.833297
0.439843 0.830725
0.442248 0.828256
0.445180 0.825665
0.447211 0.823439
0.450182 0.820545
0.452164 0.818205
0.455178 0.815087
0.457181 0.812356
0.460392 0.808881
0.463510 0.806554
0.465872 0.804360
0.469174 0.801195
0.471978 0.798504
0.474202 0.796693
0.476318 0.793981
0.479901 0.789842
0.482130 0.787211
0.484576 0.785065
0.487205 0.782106
0.489368 0.779782
0.491792 0.777246
0.494375 0.774970
0.496983 0.772354
0.499074 0.769925
0.502160 0.766399
0.504455 0.763793
0.507243 0.761136
0.509310 0.758946
0.511510 0.756619
0.513578 0.753587
0.516312 0.750373
0.518491 0.747939
0.520878 0.745023
0.522911 0.742353
0.525245 0.739797
0.527615 0.736338
0.528948 0.735200
0.531220 0.732482
0.533868 0.729653
0.535860 0.727073
0.538158 0.723991
0.539798 0.721350
0.541537 0.719109
0.543712 0.715647
0.545395 0.712911
0.547066 0.710545
0.549513 0.707106
0.551629 0.704061
0.553988 0.700933
0.555753 0.698206
0.557695 0.695961
0.560226 0.692875
0.562611 0.690306
0.564144 0.688058
0.566462 0.685044
0.568309 0.682602
0.570051 0.679720
0.571944 0.676791
0.573256 0.674875
0.575123 0.672014
0.577510 0.668404
0.577968 0.667347
0.579809 0.663864
0.582591 0.660200
0.584444 0.657608
0.585674 0.656130
0.586933 0.652479
0.588982 0.649661
0.590424 0.647049
0.592303 0.644193
0.593929 0.641473
0.595788 0.639098
0.597826 0.636464
0.599003 0.634003
0.600114 0.631485
0.601705 0.627967
0.603269 0.625221
0.605410 0.622281
0.606734 0.619571
0.608516 0.616444
0.610225 0.613619
0.611946 0.610533
0.613795 0.608183
0.615279 0.604894
0.616801 0.602610
0.618474 0.599014
0.620388 0.595905
0.621023 0.594177
0.622562 0.591143
0.624292 0.587669
0.625192 0.584596
0.626377 0.581712
0.627860 0.579227
0.628904 0.576164
0.630106 0.572774
0.630704 0.570166
0.631852 0.567450
0.633213 0.564084
0.634271 0.560838
0.635810 0.557377
0.637311 0.554645
0.638540 0.551333
0.639751 0.548628
0.640424 0.545228
0.642010 0.541863
0.643553 0.539046
0.644531 0.536332
0.645588 0.533541
0.647189 0.529433
0.648412 0.526186
0.649161 0.523348
0.650322 0.520041
0.651167 0.517133
0.651819 0.513613
0.652541 0.510879
0.653584 0.507504
0.654565 0.505071
0.655451 0.501115
0.656578 0.497834
0.658272 0.494598
0.658924 0.491142
0.660032 0.488130
0.661009 0.484440
0.661502 0.481116
0.662958 0.478479
0.663893 0.474205
0.664302 0.471447
0.665919 0.467058
0.666601 0.464790
0.667431 0.461476
0.668419 0.458205
0.669672 0.455082
0.670645 0.452339
0.671523 0.449036
0.672311 0.445782
0.673259 0.442331
0.674300 0.439272
0.675002 0.435465
0.675552 0.433255
0.676429 0.429300
0.677373 0.425296
0.677790 0.421696
0.678552 0.418661
0.678972 0.415056
0.679714 0.412501
0.680700 0.409687
0.681535 0.406624
0.682205 0.402402
0.683005 0.399270
0.684118 0.395671
0.684395 0.391564
0.684323 0.387216
0.684957 0.383895
0.685755 0.379641
0.686348 0.376285
0.686972 0.373329
0.687356 0.369436
0.688056 0.365185
0.688349 0.363106
0.689174 0.357771
0.689816 0.354122
0.690309 0.351346
0.690644 0.345245
0.691210 0.342491
0.691699 0.339147
0.692736 0.333046
0.693200 0.329779
0.693651 0.324752
0.695143 0.318929
0.695721 0.316570
0.697082 0.309451
0.697798 0.304692
0.698660 0.300984
0.699774 0.290860
0.700469 0.288529
0.702039 0.282027
0.703263 0.272791
0.704300 0.269586
0.706479 0.256005
0.707312 0.252383
0.707758 0.246290
0.709808 0.228131
0.710293 0.226417
0.711105 0.215608
0.712551 0.196134
0.712955 0.194031
0.715447 0.151640
0.715447 0.151640
0.715447 0.151640
