0.235087 1.000000
0.266208 0.998649
0.289718 0.996924
0.311281 0.995428
0.331043 0.993730
0.349827 0.992098
0.367046 0.989133
0.383057 0.986424
0.398891 0.983868
0.413968 0.981610
0.427487 0.979073
0.440154 0.975647
0.453600 0.972681
0.465680 0.969173
0.477536 0.966194
0.489211 0.962808
0.499906 0.959272
0.510471 0.956539
0.520450 0.953438
0.530124 0.950189
0.539254 0.947322
0.547632 0.943488
0.555740 0.939953
0.564500 0.936491
0.572870 0.933541
0.581163 0.929648
0.588820 0.925573
0.596758 0.922517
0.603556 0.919050
0.610392 0.915665
0.617158 0.911975
0.623377 0.908371
0.629036 0.905021
0.634706 0.901660
0.640476 0.898112
0.646341 0.894316
0.651212 0.890640
0.656650 0.887050
0.662243 0.883834
0.667261 0.879929
0.672557 0.876802
0.677040 0.873266
0.682215 0.869438
0.686829 0.865884
0.690885 0.862188
0.695128 0.858356
0.699442 0.854523
0.703569 0.850916
0.707342 0.847468
0.711371 0.843706
0.715596 0.840609
0.719469 0.836914
0.723163 0.833038
0.726475 0.829291
0.729964 0.826032
0.733034 0.821634
0.736376 0.817947
0.739771 0.813568
0.742554 0.810330
0.745783 0.807169
0.748852 0.803476
0.751912 0.799932
0.754662 0.796319
0.757312 0.792267
0.759942 0.788712
0.762317 0.784417
0.764887 0.780676
0.767459 0.777379
0.769660 0.773858
0.772304 0.769952
0.774920 0.765954
0.777007 0.761541
0.779479 0.757650
0.781921 0.753673
0.784368 0.750093
0.786734 0.746021
0.788802 0.741460
0.790875 0.737847
0.793115 0.734123
0.795184 0.730537
0.797129 0.727032
0.799394 0.723432
0.801139 0.718129
0.803390 0.714071
0.805480 0.710680
0.806878 0.706953
0.808567 0.703023
0.810289 0.698485
0.812003 0.695221
0.813266 0.690771
0.814696 0.687554
0.816375 0.683457
0.817880 0.679928
0.819875 0.676785
0.821637 0.673378
0.822655 0.669827
0.824473 0.666159
0.825782 0.662260
0.827224 0.658383
0.828603 0.654507
0.830315 0.649723
0.831785 0.646251
0.832769 0.641641
0.833724 0.638216
0.834825 0.634872
0.836272 0.631338
0.837424 0.628177
0.838214 0.623959
0.839334 0.620286
0.840410 0.616859
0.842145 0.613332
0.843280 0.609073
0.844278 0.605776
0.846080 0.601538
0.847324 0.598309
0.848193 0.594818
0.849747 0.591692
0.850666 0.587952
0.851438 0.584235
0.852961 0.580310
0.853614 0.575982
0.854774 0.572721
0.855668 0.568768
0.856336 0.565354
0.857036 0.561945
0.857669 0.557529
0.858067 0.553281
0.859142 0.549674
0.860462 0.546271
0.861862 0.542892
0.862851 0.539110
0.863947 0.535657
0.865221 0.531639
0.866413 0.528967
0.867023 0.525964
0.867361 0.522008
0.867536 0.518221
0.868536 0.514999
0.870041 0.512129
0.871083 0.509084
0.871992 0.505684
0.873257 0.502667
0.874729 0.499557
0.875308 0.496208
0.876123 0.492461
0.877062 0.488936
0.878317 0.485272
0.879242 0.481098
0.879730 0.477628
0.879954 0.473732
0.880501 0.470538
0.880900 0.467041
0.881477 0.463408
0.881773 0.459574
0.881668 0.456357
0.882118 0.452138
0.882790 0.449024
0.883500 0.445431
0.884359 0.442333
0.884192 0.439085
0.885251 0.434919
0.886035 0.431364
0.886789 0.428396
0.887613 0.424823
0.888491 0.420891
0.889710 0.417253
0.891204 0.414020
0.891732 0.410652
0.892357 0.407168
0.892841 0.403847
0.893207 0.399833
0.893814 0.396466
0.893577 0.392448
0.893882 0.389056
0.893963 0.385396
0.894886 0.381143
0.894928 0.377350
0.895232 0.373586
0.895939 0.369856
0.896928 0.366076
0.897697 0.362941
0.897943 0.358674
0.897806 0.354350
0.898584 0.350772
0.898286 0.346189
0.898910 0.342472
0.899484 0.339199
0.900454 0.334977
0.900826 0.330822
0.901515 0.327101
0.901619 0.323316
0.902100 0.319041
0.902734 0.315315
0.903029 0.311731
0.902942 0.307572
0.904142 0.303549
0.904362 0.300679
0.904493 0.296328
0.904258 0.292364
0.904972 0.288502
0.904198 0.284655
0.904986 0.281190
0.905000 0.276912
0.905229 0.272922
0.905952 0.269510
0.906725 0.265353
0.907165 0.261683
0.906017 0.258063
0.905811 0.254179
0.905743 0.250206
0.904948 0.246472
0.904606 0.243327
0.905631 0.239168
0.905984 0.234432
0.906919 0.230487
0.906788 0.226469
0.907977 0.222845
0.908766 0.219195
0.908990 0.215819
0.910446 0.211927
0.910208 0.208303
0.910799 0.203921
0.909781 0.200818
0.909868 0.196573
0.910576 0.192894
0.910539 0.188582
0.910960 0.184509
0.912333 0.179880
0.911999 0.175500
0.912045 0.170577
0.911968 0.166224
0.911776 0.161895
0.911046 0.156895
0.910818 0.152276
0.910488 0.147211
0.909652 0.142245
0.909590 0.135450
0.909798 0.130601
0.909272 0.125648
0.910368 0.120481
0.909864 0.114643
0.909489 0.110414
0.910421 0.105462
0.908801 0.100667
0.908751 0.096011
0.909192 0.090634
0.909350 0.086549
0.909377 0.081953
0.909403 0.076590
0.909794 0.070577
0.908989 0.065744
0.910747 0.060412
0.909930 0.054396
0.911085 0.047955
0.912023 0.039938
0.910982 0.028584
