0.235087 1.000000
0.260189 0.994384
0.260189 0.994384
0.260189 0.994384
0.277667 0.992022
0.278620 0.991065
0.288188 0.990091
0.295016 0.988277
0.296226 0.987947
0.313061 0.985560
0.315584 0.984193
0.319219 0.983515
0.334535 0.980602
0.337850 0.979685
0.347501 0.977241
0.355444 0.974949
0.359119 0.973641
0.371078 0.970711
0.375101 0.969350
0.382225 0.967462
0.395038 0.964225
0.397199 0.961940
0.407579 0.958909
0.415697 0.957055
0.419290 0.953847
0.428484 0.950521
0.432601 0.948815
0.438552 0.946653
0.447019 0.943473
0.451364 0.941366
0.457718 0.939072
0.464721 0.935309
0.469319 0.933905
0.477102 0.931453
0.482304 0.929627
0.488305 0.925993
0.492830 0.923823
0.499887 0.920930
0.503947 0.918153
0.508960 0.915212
0.513894 0.912284
0.518638 0.909755
0.521957 0.907700
0.526856 0.905055
0.533404 0.900948
0.536909 0.899225
0.542139 0.895844
0.545951 0.892536
0.551103 0.888849
0.555174 0.886148
0.558865 0.882796
0.562149 0.879056
0.563968 0.877121
0.567904 0.874512
0.571667 0.871872
0.574935 0.868617
0.578546 0.864919
0.582150 0.862663
0.584615 0.858452
0.588611 0.854931
0.591271 0.852590
0.594267 0.848356
0.595890 0.845926
0.599163 0.842059
0.602248 0.839152
0.606156 0.836375
0.608604 0.833210
0.612528 0.830249
0.615823 0.828146
0.619227 0.824834
0.622182 0.821750
0.625551 0.818848
0.629317 0.816009
0.632310 0.812071
0.634220 0.808832
0.638015 0.805477
0.640970 0.802231
0.643160 0.799442
0.647566 0.796231
0.650234 0.793047
0.652290 0.789184
0.655842 0.785317
0.659805 0.780217
0.662908 0.778083
0.664858 0.775844
0.667130 0.772371
0.669966 0.769363
0.673658 0.766609
0.676558 0.763435
0.678993 0.758993
0.680594 0.754976
0.683305 0.749836
0.686124 0.746588
0.688372 0.743233
0.690518 0.740824
0.692849 0.737269
0.694888 0.733330
0.697373 0.729917
0.699062 0.726501
0.701429 0.723624
0.704178 0.719989
0.707313 0.716536
0.709935 0.712499
0.712078 0.711495
0.715285 0.707816
0.716917 0.704424
0.719600 0.701770
0.722527 0.698453
0.725449 0.695564
0.726562 0.692544
0.729484 0.688494
0.731969 0.685618
0.733451 0.682736
0.735586 0.678973
0.737843 0.676160
0.739513 0.672962
0.741065 0.669424
0.742429 0.666483
0.744791 0.663672
0.746229 0.660199
0.747213 0.657257
0.749352 0.653811
0.750388 0.650059
0.752407 0.646828
0.753890 0.643729
0.754638 0.641444
0.755929 0.637955
0.758224 0.633947
0.758676 0.633152
0.760222 0.629836
0.762480 0.626008
0.763962 0.622804
0.765199 0.621379
0.767376 0.617237
0.768801 0.614022
0.770151 0.611447
0.771591 0.608327
0.772661 0.605740
0.773707 0.602538
0.775239 0.599153
0.776328 0.595974
0.777626 0.592903
0.778683 0.590444
0.779734 0.587100
0.781487 0.583345
0.782943 0.580510
0.783828 0.577109
0.785865 0.573567
0.787424 0.570070
0.788286 0.567406
0.789560 0.563756
0.791411 0.560016
0.791557 0.555647
0.792879 0.551937
0.793732 0.550339
0.794446 0.546720
0.795516 0.543197
0.796114 0.540317
0.796743 0.537515
0.797813 0.534231
0.799783 0.530905
0.800250 0.526241
0.800534 0.523323
0.800589 0.520280
0.801565 0.515758
0.802953 0.512624
0.804033 0.508815
0.804701 0.505694
0.805580 0.501647
0.805857 0.497776
0.806818 0.494704
0.807684 0.491456
0.807968 0.486783
0.808673 0.483845
0.809052 0.480255
0.809611 0.475711
0.810430 0.472686
0.811159 0.468343
0.812093 0.465431
0.812698 0.463450
0.813229 0.459238
0.814318 0.456051
0.815338 0.452373
0.815625 0.448442
0.816258 0.444316
0.816909 0.440802
0.817392 0.437166
0.817743 0.433385
0.819688 0.430311
0.820654 0.427005
0.821227 0.423727
0.821289 0.421277
0.821035 0.416004
0.821615 0.413738
0.822297 0.409558
0.822361 0.407102
0.823493 0.403473
0.824263 0.399634
0.824140 0.395875
0.825100 0.392412
0.825051 0.388367
0.826163 0.384899
0.827889 0.381361
0.828344 0.378708
0.829805 0.374164
0.830121 0.372170
0.830995 0.368114
0.831957 0.363213
0.832657 0.359711
0.831825 0.355764
0.832615 0.352254
0.833087 0.348219
0.833472 0.345111
0.833676 0.341635
0.834039 0.337039
0.834272 0.333877
0.834831 0.330575
0.834470 0.326063
0.834769 0.321751
0.835506 0.319296
0.834799 0.314724
0.835759 0.311436
0.836061 0.308824
0.836439 0.305096
0.836388 0.301034
0.836944 0.298625
0.837477 0.294047
0.838158 0.290629
0.838725 0.288621
0.838998 0.282560
0.839574 0.279569
0.840732 0.276475
0.841905 0.269963
0.841930 0.267937
0.842671 0.263454
0.843530 0.257275
0.843710 0.254446
0.843110 0.246183
0.843627 0.241630
0.843583 0.237009
0.843508 0.228277
0.843869 0.225404
0.843533 0.218210
0.843508 0.209817
0.842905 0.207433
0.844226 0.191647
0.843672 0.189417
0.844126 0.184968
0.845466 0.166895
0.845599 0.164991
0.848671 0.155568
0.848813 0.138616
0.847386 0.137358
0.851814 0.100837
0.851814 0.100837
0.851814 0.100837
