0.235087 1.000000
0.565898 0.981740
0.630777 0.974015
0.661218 0.969464
0.681117 0.965982
0.696051 0.963115
0.708000 0.960629
0.717915 0.958427
0.726466 0.956426
0.733908 0.954615
0.740540 0.952960
0.746468 0.951443
0.751869 0.950011
0.756786 0.948652
0.761343 0.947371
0.765574 0.946149
0.769544 0.944998
0.773259 0.943847
0.776748 0.942764
0.780052 0.941733
0.783179 0.940735
0.786150 0.939779
0.788977 0.938860
0.791717 0.937967
0.794339 0.937096
0.796836 0.936249
0.799269 0.935421
0.801608 0.934617
0.803859 0.933822
0.806033 0.933052
0.808163 0.932304
0.810217 0.931562
0.812218 0.930839
0.814153 0.930126
0.816049 0.929417
0.817879 0.928721
0.819647 0.928034
0.821387 0.927350
0.823070 0.926665
0.824706 0.925983
0.826321 0.925313
0.827902 0.924643
0.829443 0.923975
0.830955 0.923314
0.832433 0.922671
0.833880 0.922022
0.835307 0.921376
0.836712 0.920728
0.838086 0.920078
0.839452 0.919434
0.840792 0.918799
0.842112 0.918157
0.843393 0.917521
0.844664 0.916889
0.845909 0.916241
0.847127 0.915604
0.848347 0.914965
0.849518 0.914328
0.850691 0.913683
0.851841 0.913053
0.852978 0.912416
0.854097 0.911770
0.855208 0.911120
0.856285 0.910472
0.857352 0.909835
0.858398 0.909193
0.859444 0.908557
0.860474 0.907920
0.861482 0.907270
0.862488 0.906632
0.863481 0.905986
0.864444 0.905340
0.865389 0.904694
0.866338 0.904038
0.867280 0.903378
0.868180 0.902736
0.869096 0.902085
0.869995 0.901439
0.870885 0.900790
0.871771 0.900138
0.872644 0.899488
0.873516 0.898832
0.874378 0.898180
0.875218 0.897528
0.876057 0.896884
0.876889 0.896221
0.877707 0.895556
0.878537 0.894886
0.879337 0.894222
0.880145 0.893543
0.880946 0.892866
0.881743 0.892190
0.882530 0.891509
0.883311 0.890842
0.884104 0.890172
0.884880 0.889494
0.885644 0.888811
0.886395 0.888125
0.887124 0.887442
0.887864 0.886754
0.888586 0.886058
0.889298 0.885361
0.890005 0.884652
0.890712 0.883955
0.891419 0.883250
0.892123 0.882545
0.892799 0.881834
0.893501 0.881108
0.894195 0.880377
0.894879 0.879651
0.895550 0.878910
0.896229 0.878148
0.896896 0.877397
0.897547 0.876639
0.898200 0.875883
0.898845 0.875127
0.899486 0.874365
0.900115 0.873578
0.900748 0.872797
0.901368 0.872020
0.901985 0.871226
0.902596 0.870417
0.903206 0.869612
0.903816 0.868803
0.904422 0.867994
0.905021 0.867176
0.905622 0.866331
0.906229 0.865474
0.906832 0.864644
0.907416 0.863779
0.908013 0.862931
0.908602 0.862070
0.909185 0.861204
0.909780 0.860312
0.910357 0.859403
0.910942 0.858492
0.911525 0.857574
0.912114 0.856657
0.912694 0.855735
0.913275 0.854786
0.913843 0.853826
0.914416 0.852858
0.914989 0.851880
0.915563 0.850893
0.916125 0.849912
0.916682 0.848910
0.917255 0.847903
0.917818 0.846879
0.918374 0.845853
0.918925 0.844811
0.919499 0.843772
0.920060 0.842721
0.920609 0.841659
0.921165 0.840577
0.921713 0.839487
0.922256 0.838381
0.922796 0.837288
0.923342 0.836170
0.923890 0.835045
0.924451 0.833914
0.925000 0.832749
0.925544 0.831569
0.926107 0.830394
0.926650 0.829214
0.927191 0.828034
0.927722 0.826849
0.928249 0.825637
0.928771 0.824413
0.929291 0.823192
0.929818 0.821962
0.930335 0.820713
0.930861 0.819450
0.931384 0.818181
0.931914 0.816889
0.932447 0.815587
0.932957 0.814252
0.933468 0.812902
0.933967 0.811528
0.934480 0.810143
0.934991 0.808748
0.935511 0.807314
0.936025 0.805880
0.936537 0.804417
0.937055 0.802929
0.937553 0.801427
0.938066 0.799905
0.938550 0.798351
0.939041 0.796791
0.939533 0.795183
0.940028 0.793544
0.940505 0.791890
0.940991 0.790215
0.941479 0.788520
0.941959 0.786783
0.942453 0.785033
0.942948 0.783251
0.943428 0.781423
0.943909 0.779567
0.944390 0.777682
0.944884 0.775765
0.945376 0.773799
0.945879 0.771808
0.946378 0.769785
0.946889 0.767699
0.947394 0.765575
0.947911 0.763420
0.948422 0.761225
0.948938 0.758967
0.949458 0.756685
0.949966 0.754344
0.950487 0.751968
0.951013 0.749511
0.951546 0.747000
0.952062 0.744430
0.952571 0.741775
0.953081 0.739057
0.953610 0.736276
0.954140 0.733447
0.954673 0.730553
0.955202 0.727615
0.955730 0.724578
0.956286 0.721471
0.956822 0.718293
0.957378 0.715002
0.957943 0.711641
0.958508 0.708156
0.959056 0.704581
0.959637 0.700920
0.960213 0.697126
0.960794 0.693170
0.961443 0.689041
0.962127 0.684710
0.962829 0.680189
0.963540 0.675476
0.964229 0.670543
0.964891 0.665346
0.965537 0.659885
0.966174 0.654127
0.966835 0.648032
0.967429 0.641569
0.968111 0.634689
0.968736 0.627382
0.969402 0.619543
0.970074 0.611108
0.970700 0.601940
0.971345 0.591916
0.971855 0.580766
0.972346 0.568391
0.972809 0.554373
0.973437 0.538253
0.974117 0.519328
0.975105 0.496680
0.976192 0.468434
0.977603 0.430827
0.979787 0.374202
0.981727 0.261394
