0.245455 0.994118
0.524126 0.948989
0.576771 0.932935
0.601730 0.924322
0.618413 0.918325
0.630959 0.913549
0.641065 0.909459
0.649539 0.905838
0.656805 0.902615
0.663192 0.899746
0.668881 0.897164
0.674044 0.894821
0.678711 0.892596
0.682988 0.890508
0.686887 0.888529
0.690509 0.886680
0.693879 0.884891
0.697060 0.883199
0.700083 0.881652
0.702963 0.880143
0.705692 0.878702
0.708312 0.877339
0.710824 0.876022
0.713220 0.874743
0.715521 0.873502
0.717741 0.872287
0.719862 0.871101
0.721923 0.869932
0.723903 0.868804
0.725824 0.867691
0.727666 0.866588
0.729452 0.865493
0.731203 0.864419
0.732880 0.863360
0.734500 0.862322
0.736094 0.861303
0.737657 0.860312
0.739183 0.859320
0.740667 0.858361
0.742125 0.857408
0.743510 0.856464
0.744894 0.855525
0.746236 0.854579
0.747550 0.853650
0.748853 0.852702
0.750124 0.851764
0.751384 0.850853
0.752609 0.849944
0.753818 0.849050
0.755016 0.848147
0.756185 0.847261
0.757329 0.846362
0.758456 0.845470
0.759564 0.844587
0.760661 0.843720
0.761729 0.842825
0.762785 0.841951
0.763846 0.841079
0.764875 0.840210
0.765888 0.839356
0.766886 0.838504
0.767873 0.837661
0.768864 0.836843
0.769849 0.836013
0.770819 0.835202
0.771792 0.834394
0.772748 0.833567
0.773691 0.832756
0.774635 0.831955
0.775560 0.831150
0.776476 0.830353
0.777387 0.829553
0.778270 0.828747
0.779160 0.827952
0.780050 0.827163
0.780914 0.826370
0.781782 0.825579
0.782635 0.824794
0.783498 0.824006
0.784329 0.823208
0.785177 0.822420
0.786013 0.821641
0.786830 0.820855
0.787643 0.820073
0.788450 0.819280
0.789264 0.818497
0.790064 0.817717
0.790844 0.816942
0.791642 0.816163
0.792422 0.815376
0.793184 0.814579
0.793952 0.813794
0.794715 0.812996
0.795466 0.812189
0.796226 0.811374
0.796966 0.810560
0.797699 0.809749
0.798439 0.808945
0.799181 0.808142
0.799903 0.807326
0.800628 0.806500
0.801350 0.805672
0.802071 0.804848
0.802783 0.804012
0.803505 0.803172
0.804217 0.802312
0.804924 0.801454
0.805620 0.800602
0.806299 0.799745
0.806994 0.798874
0.807679 0.797983
0.808361 0.797106
0.809038 0.796226
0.809715 0.795328
0.810377 0.794428
0.811041 0.793539
0.811708 0.792630
0.812378 0.791720
0.813036 0.790809
0.813700 0.789902
0.814367 0.788986
0.815028 0.788075
0.815679 0.787143
0.816328 0.786210
0.816983 0.785265
0.817641 0.784305
0.818284 0.783358
0.818922 0.782399
0.819554 0.781442
0.820177 0.780482
0.820795 0.779512
0.821420 0.778554
0.822049 0.777581
0.822663 0.776613
0.823282 0.775623
0.823902 0.774637
0.824494 0.773623
0.825103 0.772611
0.825712 0.771587
0.826322 0.770583
0.826920 0.769553
0.827504 0.768511
0.828097 0.767454
0.828689 0.766412
0.829299 0.765362
0.829916 0.764293
0.830527 0.763240
0.831140 0.762171
0.831751 0.761085
0.832364 0.760003
0.832973 0.758913
0.833574 0.757813
0.834190 0.756696
0.834804 0.755604
0.835408 0.754480
0.836006 0.753352
0.836609 0.752229
0.837222 0.751069
0.837845 0.749887
0.838455 0.748725
0.839062 0.747506
0.839663 0.746310
0.840286 0.745092
0.840901 0.743864
0.841490 0.742620
0.842101 0.741375
0.842709 0.740112
0.843320 0.738835
0.843940 0.737545
0.844555 0.736253
0.845182 0.734944
0.845793 0.733610
0.846425 0.732264
0.847063 0.730908
0.847688 0.729534
0.848333 0.728136
0.848962 0.726708
0.849612 0.725291
0.850253 0.723854
0.850890 0.722347
0.851526 0.720827
0.852196 0.719336
0.852847 0.717861
0.853519 0.716322
0.854185 0.714746
0.854868 0.713157
0.855548 0.711575
0.856232 0.709942
0.856927 0.708280
0.857654 0.706606
0.858366 0.704874
0.859084 0.703116
0.859815 0.701354
0.860565 0.699530
0.861303 0.697675
0.862071 0.695786
0.862782 0.693873
0.863520 0.691932
0.864233 0.689944
0.864973 0.687944
0.865713 0.685891
0.866466 0.683808
0.867208 0.681679
0.867990 0.679523
0.868774 0.677349
0.869572 0.675147
0.870337 0.672853
0.871098 0.670541
0.871851 0.668157
0.872624 0.665745
0.873408 0.663281
0.874182 0.660784
0.874953 0.658258
0.875756 0.655628
0.876528 0.652939
0.877330 0.650157
0.878121 0.647340
0.878924 0.644420
0.879711 0.641400
0.880503 0.638330
0.881314 0.635127
0.882121 0.631904
0.882947 0.628542
0.883772 0.625062
0.884558 0.621422
0.885391 0.617701
0.886258 0.613823
0.887086 0.609805
0.887940 0.605666
0.888835 0.601428
0.889742 0.596979
0.890628 0.592374
0.891515 0.587622
0.892442 0.582683
0.893430 0.577474
0.894379 0.571984
0.895313 0.566228
0.896255 0.560236
0.897286 0.553887
0.898357 0.547125
0.899504 0.539991
0.900778 0.532358
0.902186 0.524245
0.903562 0.515483
0.905061 0.505971
0.906530 0.495633
0.908143 0.484433
0.909864 0.471943
0.911490 0.457752
0.912838 0.441631
0.914641 0.423096
0.916954 0.401246
0.919615 0.374377
0.923396 0.339052
0.927660 0.288876
0.932953 0.195120
