0.245455 0.994118
0.436001 0.967835
0.481287 0.957147
0.508686 0.949715
0.528565 0.944793
0.545527 0.940541
0.558650 0.936542
0.569452 0.933360
0.578905 0.930555
0.587455 0.927212
0.595220 0.924814
0.601871 0.922194
0.607966 0.919756
0.613662 0.917853
0.618894 0.916080
0.624042 0.914106
0.628740 0.912245
0.633347 0.910605
0.637644 0.909069
0.641233 0.907293
0.645182 0.905815
0.648781 0.904496
0.651971 0.903261
0.655175 0.901996
0.658152 0.900778
0.661075 0.899475
0.664084 0.897960
0.666939 0.896833
0.669465 0.895773
0.671704 0.894741
0.674231 0.893665
0.676566 0.892321
0.678811 0.891235
0.681043 0.890225
0.683205 0.889098
0.685237 0.887987
0.687557 0.887067
0.689552 0.885999
0.691371 0.884971
0.693137 0.884115
0.694966 0.883250
0.696633 0.882218
0.698311 0.881403
0.700051 0.880437
0.701733 0.879568
0.703420 0.878723
0.705315 0.877924
0.706735 0.876955
0.708471 0.876196
0.709888 0.875454
0.711464 0.874627
0.712966 0.873803
0.714336 0.872890
0.715745 0.872102
0.717169 0.871020
0.718543 0.870268
0.719711 0.869565
0.721174 0.868705
0.721100 0.867262
0.722440 0.866451
0.723590 0.865761
0.724919 0.865111
0.726241 0.864319
0.727282 0.863416
0.728308 0.862574
0.729567 0.861827
0.731110 0.861024
0.732293 0.860041
0.733210 0.859251
0.734598 0.858370
0.735777 0.857629
0.736979 0.856888
0.738209 0.856247
0.739372 0.855608
0.740299 0.854775
0.741369 0.854069
0.742463 0.853223
0.743549 0.852381
0.744510 0.851540
0.745372 0.850750
0.746428 0.849964
0.747444 0.849247
0.747259 0.848022
0.748185 0.847192
0.749203 0.846447
0.749953 0.845762
0.750977 0.845067
0.751801 0.844194
0.752605 0.843633
0.753407 0.843059
0.754369 0.842310
0.755069 0.841654
0.755925 0.840954
0.756675 0.840223
0.757524 0.839504
0.758491 0.838804
0.759205 0.838058
0.760005 0.837283
0.760798 0.836470
0.761601 0.835824
0.762400 0.834539
0.763156 0.833709
0.763996 0.832976
0.764667 0.832196
0.765468 0.831432
0.766493 0.830689
0.767103 0.830017
0.767854 0.829283
0.768603 0.828593
0.769287 0.827775
0.770071 0.826808
0.770785 0.826010
0.771620 0.825195
0.772500 0.824489
0.773261 0.823746
0.774104 0.823021
0.775190 0.822031
0.775963 0.821248
0.776752 0.820463
0.777534 0.819655
0.778244 0.818913
0.778961 0.817995
0.779696 0.817144
0.780537 0.816298
0.781189 0.815340
0.782030 0.814554
0.782826 0.813729
0.783562 0.812816
0.784319 0.812035
0.785123 0.811231
0.785856 0.810488
0.786530 0.809867
0.787215 0.809001
0.787948 0.808103
0.788660 0.807387
0.789417 0.806600
0.790147 0.805803
0.791045 0.805067
0.791682 0.804008
0.792571 0.803285
0.793293 0.802593
0.793989 0.801763
0.794752 0.801020
0.795515 0.800107
0.796381 0.799238
0.797027 0.798278
0.797653 0.797575
0.798402 0.796725
0.799173 0.795512
0.799822 0.794643
0.800588 0.793654
0.801409 0.792690
0.802137 0.791738
0.802814 0.790862
0.803425 0.789947
0.804125 0.788974
0.804766 0.787949
0.805675 0.787049
0.806336 0.786202
0.806949 0.785184
0.807464 0.784294
0.808258 0.783160
0.808918 0.782342
0.809730 0.781352
0.809265 0.780305
0.809799 0.779166
0.810534 0.777996
0.811415 0.777148
0.812062 0.776124
0.812801 0.774983
0.813675 0.773860
0.814348 0.772736
0.815102 0.771571
0.815729 0.770450
0.816448 0.769230
0.817011 0.768077
0.817637 0.766818
0.818188 0.765649
0.818857 0.764410
0.819597 0.762946
0.820297 0.761708
0.820998 0.760114
0.821643 0.758640
0.822513 0.757461
0.823560 0.756010
0.824292 0.754480
0.825177 0.753242
0.825925 0.751771
0.826760 0.750408
0.827673 0.748901
0.828416 0.747241
0.829237 0.745593
0.830116 0.743911
0.831059 0.742032
0.831642 0.740470
0.832506 0.738893
0.833320 0.737228
0.831858 0.735232
0.832897 0.733483
0.833902 0.731823
0.834714 0.730195
0.835644 0.728446
0.836575 0.726395
0.837389 0.724131
0.838270 0.721966
0.838982 0.719626
0.839872 0.717602
0.840416 0.715437
0.840968 0.713363
0.841643 0.711455
0.842427 0.709274
0.843396 0.707279
0.844659 0.704842
0.845590 0.702291
0.846563 0.699700
0.847626 0.697027
0.847453 0.694157
0.848364 0.691585
0.849240 0.689014
0.850106 0.686309
0.851177 0.683437
0.852251 0.680461
0.853436 0.677379
0.854547 0.674361
0.855730 0.670890
0.857051 0.667197
0.858325 0.663314
0.859699 0.659346
0.859926 0.655036
0.861304 0.651144
0.861367 0.646504
0.862900 0.641849
0.864406 0.636933
0.865080 0.631743
0.864538 0.626509
0.865939 0.620153
0.865713 0.613905
0.866814 0.607484
0.868929 0.600786
0.869314 0.593238
0.868875 0.584041
0.869047 0.574701
0.867346 0.565419
0.867602 0.555000
0.867228 0.542978
0.865537 0.530005
0.862731 0.514526
0.860355 0.496385
0.857428 0.476455
0.853690 0.452808
0.843439 0.422487
0.822418 0.383832
0.799211 0.333244
0.760685 0.261420
0.593265 0.142449
0.000000 0.000000
