0.148541 1.000000
0.452018 0.935326
0.476024 0.923469
0.489712 0.916217
0.499565 0.910634
0.506903 0.906259
0.513675 0.902556
0.518916 0.899189
0.523401 0.896346
0.527184 0.893668
0.530904 0.891170
0.534229 0.888953
0.537226 0.886755
0.540087 0.884814
0.542606 0.882889
0.545145 0.881170
0.547493 0.879362
0.549744 0.877760
0.551854 0.876136
0.553787 0.874676
0.555732 0.873286
0.557412 0.872005
0.559143 0.870628
0.560945 0.869316
0.562263 0.867891
0.563834 0.866619
0.565344 0.865435
0.566665 0.864168
0.568122 0.862872
0.569618 0.861891
0.571086 0.860843
0.572326 0.859622
0.573701 0.858702
0.574957 0.857685
0.576003 0.856787
0.577113 0.855859
0.578217 0.854850
0.579390 0.853829
0.580545 0.852992
0.581730 0.852036
0.582854 0.851187
0.583808 0.850411
0.584848 0.849596
0.585851 0.848627
0.586864 0.847780
0.587758 0.846804
0.588598 0.845948
0.589383 0.844936
0.590304 0.844308
0.591218 0.843362
0.591971 0.842563
0.593007 0.841742
0.593850 0.840941
0.594789 0.840255
0.595570 0.839490
0.596485 0.838871
0.597247 0.838264
0.597992 0.837513
0.598788 0.836908
0.599582 0.836332
0.600340 0.835758
0.601098 0.835059
0.601671 0.834389
0.602223 0.833747
0.602594 0.832856
0.603261 0.832124
0.603897 0.831367
0.604726 0.830676
0.605399 0.830099
0.606129 0.829514
0.606952 0.828880
0.607585 0.828291
0.608500 0.827691
0.609297 0.827111
0.610047 0.826287
0.610675 0.825706
0.611340 0.825011
0.612021 0.824305
0.612640 0.823584
0.613262 0.822862
0.613703 0.822121
0.614190 0.821429
0.614813 0.820756
0.615620 0.820153
0.616238 0.819367
0.616706 0.818786
0.617342 0.818057
0.617955 0.817457
0.618710 0.816917
0.619175 0.815968
0.619753 0.815235
0.620545 0.814713
0.621160 0.813974
0.621792 0.813223
0.622444 0.812606
0.622961 0.811982
0.623461 0.811449
0.623900 0.810770
0.624577 0.810177
0.625248 0.809606
0.625787 0.808909
0.626353 0.808262
0.627017 0.807705
0.627597 0.806991
0.628298 0.806477
0.628920 0.805905
0.629351 0.805317
0.629875 0.804859
0.630644 0.804293
0.631337 0.803634
0.631851 0.803021
0.632401 0.802416
0.633016 0.801827
0.633557 0.801241
0.634112 0.800520
0.634513 0.799868
0.635234 0.799226
0.635860 0.798611
0.636393 0.797958
0.636946 0.797403
0.637348 0.796662
0.637907 0.796159
0.638597 0.795623
0.639049 0.794999
0.639803 0.794504
0.640312 0.793892
0.640732 0.793269
0.640915 0.792457
0.641397 0.791775
0.641874 0.791082
0.642492 0.790412
0.643178 0.789684
0.643564 0.788952
0.644186 0.788365
0.644723 0.787665
0.645240 0.786971
0.645779 0.786256
0.646146 0.785579
0.646775 0.784911
0.647334 0.784229
0.648067 0.783649
0.648420 0.782957
0.649042 0.782308
0.649543 0.781593
0.650210 0.780936
0.650658 0.780315
0.651265 0.779558
0.651838 0.778931
0.652348 0.778319
0.652468 0.777643
0.653212 0.776972
0.653858 0.776305
0.654426 0.775414
0.655098 0.774774
0.655711 0.774136
0.656335 0.773440
0.656961 0.772760
0.657523 0.772116
0.658303 0.771337
0.658866 0.770651
0.659563 0.770003
0.660126 0.769294
0.660590 0.768495
0.661212 0.767728
0.661921 0.767064
0.662400 0.766342
0.662805 0.765528
0.663300 0.764700
0.663975 0.763759
0.664542 0.763034
0.665122 0.762181
0.665734 0.761454
0.666406 0.760592
0.667175 0.759678
0.667941 0.758929
0.668703 0.758089
0.669047 0.757276
0.669608 0.756430
0.669814 0.755427
0.670566 0.754437
0.671060 0.753511
0.671871 0.752594
0.672594 0.751526
0.673016 0.750460
0.673748 0.749454
0.674522 0.748462
0.675099 0.747452
0.675934 0.746576
0.676450 0.745596
0.677511 0.744690
0.678281 0.743868
0.678674 0.742576
0.679659 0.741548
0.680420 0.740604
0.680938 0.739635
0.681566 0.738567
0.682325 0.737385
0.683156 0.736085
0.684123 0.734830
0.684900 0.733664
0.685796 0.732412
0.686135 0.731055
0.687026 0.729865
0.687844 0.728651
0.688764 0.727443
0.689663 0.725841
0.690549 0.724467
0.691405 0.722937
0.692206 0.721480
0.693046 0.719737
0.693987 0.718250
0.694665 0.716598
0.695418 0.715309
0.696304 0.713597
0.697588 0.712154
0.698749 0.710405
0.699567 0.708581
0.700483 0.706768
0.701215 0.705069
0.702388 0.703176
0.703222 0.701168
0.704107 0.698860
0.705252 0.696996
0.706157 0.694794
0.707266 0.692641
0.708241 0.689973
0.709035 0.687717
0.709753 0.685508
0.710801 0.683099
0.712420 0.680527
0.713822 0.677697
0.714465 0.674580
0.715467 0.671367
0.716651 0.668278
0.717548 0.664563
0.718567 0.661161
0.718918 0.657420
0.719823 0.653448
0.720167 0.649083
0.721281 0.644419
0.722401 0.639814
0.723654 0.634915
0.724624 0.629694
0.725176 0.623811
0.726614 0.617263
0.726838 0.610424
0.728462 0.602715
0.728889 0.593240
0.727718 0.582710
0.725651 0.569937
0.723650 0.555150
0.725007 0.538322
0.721960 0.516367
0.713881 0.485398
0.689238 0.429826
0.007352 0.001112
