0.245455 0.994118
0.293230 0.989078
0.310118 0.985646
0.326245 0.981308
0.340411 0.976478
0.353560 0.972050
0.364883 0.967100
0.376691 0.961466
0.387623 0.956638
0.398319 0.953402
0.408930 0.949301
0.417861 0.944829
0.427963 0.940630
0.437621 0.935916
0.445374 0.930537
0.454374 0.926949
0.462456 0.922700
0.469875 0.917890
0.477298 0.912727
0.485003 0.908616
0.492052 0.903799
0.498559 0.899010
0.504743 0.894339
0.510786 0.890002
0.516872 0.884113
0.523260 0.879809
0.529127 0.874670
0.535341 0.869258
0.540905 0.864877
0.546343 0.860517
0.551915 0.855330
0.557266 0.850283
0.562177 0.845848
0.567556 0.841671
0.571709 0.837062
0.576656 0.832198
0.581627 0.827943
0.585786 0.823338
0.589917 0.818343
0.593351 0.812392
0.598095 0.808699
0.602759 0.804815
0.606092 0.800133
0.609912 0.796028
0.613769 0.792495
0.618025 0.788251
0.620848 0.783385
0.624127 0.778283
0.627797 0.774790
0.630532 0.770388
0.633552 0.766630
0.636484 0.761989
0.639452 0.756909
0.642089 0.753043
0.644934 0.749010
0.647757 0.744464
0.649914 0.740030
0.652879 0.736599
0.655470 0.731675
0.658038 0.727976
0.661098 0.723387
0.663715 0.719413
0.666564 0.714605
0.669215 0.710326
0.671062 0.705283
0.673252 0.700515
0.675548 0.696142
0.678872 0.691474
0.680746 0.686738
0.683149 0.682731
0.685646 0.678267
0.687650 0.674394
0.689480 0.670111
0.691832 0.666223
0.694044 0.661781
0.695575 0.657382
0.697982 0.653236
0.699690 0.648671
0.701269 0.643952
0.703395 0.640739
0.705328 0.637042
0.706665 0.631912
0.708411 0.628032
0.710303 0.622756
0.711814 0.619131
0.713923 0.615144
0.715336 0.610716
0.717182 0.607382
0.718690 0.603675
0.720376 0.599765
0.722274 0.595320
0.725324 0.592119
0.727008 0.588820
0.728986 0.584937
0.730270 0.581199
0.731555 0.576538
0.733257 0.573083
0.734093 0.568794
0.735447 0.564908
0.736239 0.561204
0.737842 0.557897
0.739950 0.554103
0.741688 0.550443
0.743338 0.547252
0.745413 0.544129
0.745784 0.540480
0.747226 0.537411
0.748678 0.534479
0.749468 0.530676
0.750639 0.526846
0.751519 0.521923
0.752586 0.518096
0.753343 0.512707
0.754359 0.508590
0.755092 0.504341
0.755988 0.500264
0.757019 0.496618
0.757702 0.492323
0.759487 0.488776
0.760763 0.485129
0.762003 0.481892
0.763154 0.477674
0.764892 0.473917
0.766098 0.470008
0.767251 0.466950
0.767636 0.463088
0.768733 0.459281
0.769982 0.456020
0.771740 0.452393
0.772406 0.448864
0.773542 0.445599
0.774676 0.441611
0.775947 0.437486
0.776938 0.434142
0.777809 0.430786
0.778312 0.427288
0.779691 0.423620
0.780213 0.420318
0.780918 0.416382
0.780895 0.412803
0.781611 0.409477
0.782664 0.406087
0.783577 0.402420
0.784406 0.399022
0.785064 0.395955
0.786054 0.392225
0.787318 0.388581
0.788984 0.385442
0.790582 0.381761
0.791093 0.378461
0.792519 0.375942
0.792883 0.372464
0.794364 0.369559
0.794970 0.366929
0.795684 0.364042
0.797151 0.360462
0.797822 0.357376
0.799043 0.354190
0.799737 0.350982
0.799848 0.347803
0.799662 0.344353
0.800069 0.340974
0.799881 0.338337
0.800847 0.334597
0.801626 0.331710
0.801872 0.328672
0.802837 0.325613
0.803369 0.322166
0.803196 0.318738
0.802349 0.314894
0.802680 0.311175
0.803019 0.308224
0.803632 0.304890
0.803683 0.301820
0.804282 0.298387
0.803980 0.294703
0.804361 0.290682
0.805039 0.287339
0.805243 0.283983
0.806250 0.280527
0.807131 0.277308
0.806858 0.273917
0.807833 0.270954
0.808120 0.266696
0.808871 0.263873
0.808873 0.261057
0.810185 0.258005
0.811288 0.254442
0.812688 0.250824
0.813283 0.248239
0.814325 0.245187
0.814612 0.241898
0.815985 0.239092
0.817184 0.235481
0.817924 0.232282
0.818494 0.229377
0.818824 0.225848
0.819866 0.222889
0.821369 0.219750
0.821522 0.216119
0.821797 0.212136
0.822106 0.209141
0.822262 0.205956
0.821712 0.201793
0.822089 0.198507
0.822493 0.195506
0.822778 0.191894
0.822809 0.188918
0.823880 0.186431
0.823842 0.183321
0.823669 0.180045
0.823913 0.176801
0.823034 0.172228
0.822804 0.168642
0.822894 0.165853
0.821742 0.162934
0.821188 0.158878
0.821305 0.155508
0.821949 0.152619
0.821765 0.149884
0.821295 0.147171
0.821850 0.143600
0.820908 0.140644
0.821274 0.137875
0.821534 0.134320
0.821920 0.131677
0.823246 0.128623
0.823355 0.126443
0.823496 0.123107
0.823279 0.120680
0.821991 0.117024
0.822191 0.113786
0.822578 0.110564
0.821627 0.106637
0.820590 0.103391
0.820618 0.100821
0.820615 0.097296
0.820780 0.093701
0.818707 0.089591
0.818601 0.087306
0.818041 0.083159
0.818808 0.079534
0.818597 0.075778
0.820051 0.071809
0.819359 0.068153
0.821283 0.065111
0.824159 0.061144
0.823968 0.057845
0.823803 0.055229
0.826708 0.052222
0.825765 0.047068
0.823741 0.043324
0.822071 0.038897
0.821661 0.034304
0.821481 0.029131
0.823964 0.023352
