0.191323 1.000000
0.219668 0.999312
0.243447 0.998298
0.264324 0.996934
0.283335 0.995213
0.301100 0.992873
0.317819 0.990587
0.333426 0.988088
0.348953 0.985905
0.363942 0.983694
0.378511 0.981017
0.392408 0.978465
0.405537 0.975676
0.417951 0.972811
0.430084 0.970254
0.442104 0.967643
0.453187 0.964827
0.463943 0.962083
0.474691 0.958897
0.484805 0.955638
0.494848 0.952527
0.504153 0.949541
0.513041 0.946081
0.521495 0.942703
0.530113 0.939727
0.538185 0.936917
0.546349 0.933895
0.554123 0.930740
0.561615 0.927157
0.568886 0.923406
0.575990 0.919863
0.582855 0.916512
0.589411 0.913107
0.595544 0.909512
0.601868 0.906058
0.607752 0.902833
0.613311 0.899003
0.618957 0.895692
0.624261 0.892228
0.629486 0.888625
0.634496 0.885035
0.639852 0.881414
0.645114 0.878083
0.650247 0.874678
0.654772 0.871200
0.659530 0.868036
0.663841 0.864485
0.668196 0.861001
0.672417 0.857526
0.676791 0.854498
0.680653 0.851324
0.684782 0.847806
0.688734 0.844070
0.692800 0.840792
0.696501 0.837289
0.700029 0.833639
0.703701 0.830206
0.707477 0.827123
0.710902 0.823672
0.714389 0.820165
0.718116 0.816925
0.721544 0.813471
0.724772 0.809976
0.728140 0.806629
0.731474 0.803339
0.734284 0.799819
0.737171 0.796348
0.739976 0.792743
0.742732 0.789212
0.745484 0.785818
0.748049 0.782258
0.750829 0.778970
0.753476 0.775155
0.756174 0.771518
0.758888 0.768129
0.761403 0.764399
0.763829 0.760887
0.766153 0.757433
0.768501 0.754005
0.770837 0.750457
0.773184 0.746997
0.775191 0.743534
0.777731 0.739940
0.780178 0.736652
0.781970 0.732899
0.784049 0.729225
0.786010 0.725740
0.787818 0.721841
0.789825 0.718348
0.791827 0.715094
0.793946 0.711601
0.796201 0.707916
0.798331 0.704557
0.800405 0.701192
0.802134 0.697636
0.804119 0.694335
0.806134 0.690630
0.807935 0.687109
0.809855 0.683218
0.811651 0.679576
0.813312 0.676248
0.814994 0.672805
0.816492 0.669154
0.817933 0.665481
0.819519 0.661993
0.821135 0.658463
0.822767 0.654851
0.824238 0.651516
0.825762 0.648079
0.827129 0.644638
0.828410 0.640868
0.830083 0.637184
0.831563 0.633753
0.832959 0.629919
0.834363 0.626316
0.835569 0.622651
0.836668 0.619114
0.837991 0.615635
0.839088 0.611890
0.840754 0.608633
0.841946 0.605257
0.843421 0.602032
0.844950 0.598718
0.846128 0.595010
0.847515 0.591485
0.848914 0.588050
0.850478 0.584651
0.851514 0.581133
0.852744 0.577577
0.853870 0.574404
0.855203 0.571095
0.856238 0.567552
0.857389 0.564144
0.858393 0.560169
0.859336 0.556445
0.860491 0.552863
0.861131 0.549483
0.862103 0.546242
0.863042 0.543054
0.864050 0.539669
0.865040 0.536313
0.866026 0.532994
0.866908 0.529270
0.867906 0.525367
0.868790 0.521816
0.869753 0.518146
0.870721 0.514695
0.871652 0.510997
0.872246 0.506996
0.873092 0.503116
0.874207 0.499561
0.875304 0.496073
0.876227 0.492375
0.877263 0.488833
0.878013 0.485143
0.878992 0.481571
0.879772 0.478003
0.880857 0.474290
0.881669 0.470370
0.882251 0.466617
0.883069 0.462948
0.883870 0.459296
0.884614 0.455609
0.885681 0.452063
0.886465 0.448442
0.887029 0.444622
0.887618 0.440494
0.888286 0.436764
0.889188 0.433225
0.889840 0.429581
0.890626 0.426037
0.891323 0.422139
0.891919 0.418367
0.892566 0.414440
0.893041 0.410590
0.893748 0.406449
0.894439 0.402327
0.894974 0.398694
0.896055 0.394540
0.896259 0.390437
0.897008 0.386718
0.897505 0.382914
0.897861 0.379052
0.898971 0.375128
0.899615 0.371165
0.900048 0.366891
0.900548 0.362359
0.900950 0.358401
0.901326 0.354259
0.901883 0.350123
0.902642 0.345865
0.903013 0.342019
0.903963 0.337557
0.904981 0.333660
0.905743 0.329603
0.906397 0.325187
0.906306 0.320749
0.906461 0.316694
0.906948 0.312250
0.906822 0.308574
0.906925 0.304496
0.907244 0.300345
0.907325 0.295649
0.907678 0.291274
0.907807 0.286780
0.907981 0.282494
0.908596 0.278520
0.909065 0.274486
0.909499 0.270365
0.909988 0.266161
0.910341 0.261674
0.911305 0.257442
0.911406 0.253252
0.912031 0.249100
0.912368 0.244489
0.912649 0.239934
0.912743 0.235699
0.913500 0.231363
0.913484 0.227042
0.913918 0.222299
0.914505 0.218018
0.914593 0.213341
0.914933 0.208664
0.914864 0.204206
0.914468 0.199748
0.915026 0.194867
0.915381 0.190233
0.915168 0.185436
0.915158 0.180654
0.915739 0.175899
0.916051 0.170899
0.915998 0.165898
0.916606 0.161400
0.916450 0.156884
0.916343 0.151953
0.915938 0.147005
0.916126 0.142192
0.916601 0.137603
0.916222 0.132214
0.916289 0.127065
0.916739 0.122155
0.917369 0.117613
0.917460 0.112484
0.917956 0.107961
0.917790 0.102471
0.917633 0.096994
0.917791 0.091610
0.918655 0.086043
0.919307 0.080037
0.920365 0.074322
0.920541 0.068089
0.919972 0.061924
0.919750 0.054886
0.918757 0.047789
0.919139 0.040811
0.919320 0.031442
