0.248542 1.000000
0.293549 0.988182
0.293549 0.988182
0.293549 0.988182
0.307751 0.980102
0.308656 0.979343
0.320155 0.975447
0.323437 0.973908
0.324295 0.973746
0.335879 0.969722
0.338217 0.966891
0.342149 0.964780
0.350795 0.960916
0.352463 0.960131
0.358352 0.955139
0.363518 0.953036
0.365246 0.951930
0.372468 0.947586
0.375205 0.946037
0.380537 0.944362
0.385351 0.942116
0.388100 0.940808
0.394457 0.937793
0.398494 0.935798
0.401926 0.933978
0.407826 0.930932
0.410098 0.928274
0.416073 0.925120
0.420112 0.922569
0.422008 0.920527
0.426540 0.918478
0.433785 0.915156
0.437417 0.913473
0.443052 0.910117
0.447545 0.907003
0.451393 0.904728
0.456267 0.900571
0.460101 0.897588
0.462429 0.894669
0.465375 0.890680
0.468811 0.886967
0.471951 0.883922
0.474410 0.880179
0.478521 0.877449
0.482040 0.872882
0.484037 0.870389
0.488627 0.867272
0.491996 0.862987
0.496827 0.859417
0.500199 0.857143
0.504161 0.852011
0.507775 0.848443
0.508931 0.847049
0.512523 0.842560
0.514607 0.838105
0.517095 0.833007
0.519987 0.829895
0.522230 0.825906
0.524228 0.820792
0.527831 0.817720
0.530594 0.815023
0.535134 0.809769
0.536383 0.806342
0.539575 0.800998
0.541693 0.798270
0.544356 0.793867
0.546736 0.790687
0.548942 0.786761
0.551043 0.782504
0.553919 0.779416
0.556041 0.775993
0.558086 0.772129
0.560286 0.769279
0.562196 0.765755
0.564628 0.762518
0.566641 0.758864
0.569353 0.755346
0.570814 0.751427
0.573600 0.748386
0.576434 0.744073
0.578840 0.740539
0.581276 0.737508
0.584747 0.732615
0.586406 0.728954
0.588210 0.723436
0.590828 0.720805
0.592796 0.717808
0.595910 0.713100
0.598436 0.710578
0.600742 0.706868
0.602361 0.704139
0.604150 0.699421
0.606494 0.695187
0.609142 0.691514
0.610911 0.688143
0.612721 0.683760
0.615259 0.679962
0.617433 0.676874
0.620529 0.673098
0.622185 0.670430
0.624027 0.668305
0.625556 0.663074
0.627806 0.660431
0.629235 0.659040
0.630628 0.653883
0.632298 0.651113
0.633807 0.648050
0.635352 0.645112
0.636748 0.640523
0.637321 0.636910
0.639864 0.632747
0.641198 0.629968
0.642356 0.627062
0.644995 0.623115
0.646069 0.619608
0.648248 0.615020
0.650779 0.611788
0.652651 0.608747
0.654678 0.605418
0.656357 0.602327
0.657402 0.599466
0.659099 0.596261
0.660040 0.592808
0.661531 0.588938
0.662865 0.583536
0.664054 0.581747
0.666315 0.577987
0.668855 0.573271
0.669545 0.571938
0.671638 0.567801
0.674099 0.562378
0.675588 0.559418
0.677112 0.558258
0.678348 0.553836
0.680027 0.550732
0.680875 0.546993
0.681986 0.544535
0.682291 0.541297
0.683761 0.537720
0.684874 0.533178
0.685318 0.530674
0.686174 0.526965
0.688236 0.522808
0.689201 0.518359
0.690544 0.514141
0.691255 0.511509
0.692507 0.507601
0.694384 0.503396
0.695219 0.500330
0.697691 0.497184
0.698746 0.493218
0.700220 0.490170
0.701026 0.487482
0.702097 0.483408
0.702856 0.482044
0.703529 0.477695
0.706891 0.474471
0.707624 0.471069
0.708636 0.468320
0.710713 0.464400
0.711586 0.460625
0.712588 0.457114
0.714269 0.453680
0.715777 0.451350
0.716078 0.448198
0.717385 0.444170
0.718674 0.440376
0.719474 0.437310
0.720152 0.431874
0.720561 0.429486
0.723489 0.425859
0.723360 0.422202
0.724425 0.419984
0.725858 0.416074
0.726332 0.413102
0.727582 0.409085
0.729174 0.404688
0.729593 0.402086
0.729864 0.398381
0.730200 0.395295
0.730700 0.390804
0.731215 0.388079
0.731270 0.382467
0.731401 0.379799
0.733461 0.377021
0.734201 0.373338
0.734776 0.369428
0.736007 0.366246
0.736184 0.363539
0.737699 0.360392
0.737491 0.357187
0.737774 0.354737
0.738540 0.350928
0.740528 0.348794
0.741005 0.343360
0.741841 0.341585
0.742004 0.338382
0.742584 0.335296
0.743068 0.332043
0.744586 0.328500
0.744273 0.325693
0.744042 0.322904
0.745841 0.318496
0.745921 0.315647
0.746901 0.311635
0.747138 0.309695
0.748081 0.305806
0.749164 0.302844
0.750299 0.298948
0.751673 0.296529
0.752533 0.293813
0.753416 0.290253
0.754060 0.288093
0.754239 0.284997
0.753726 0.280326
0.754152 0.277079
0.755428 0.274565
0.755853 0.271776
0.757583 0.268332
0.758493 0.264891
0.759471 0.261125
0.760067 0.256709
0.759762 0.252457
0.759465 0.249158
0.761051 0.245698
0.759516 0.242157
0.759986 0.238685
0.759840 0.235296
0.758962 0.232222
0.759600 0.226839
0.759472 0.222928
0.761312 0.219468
0.762140 0.213517
0.763401 0.210206
0.763678 0.206413
0.763823 0.201149
0.764867 0.199712
0.765087 0.195104
0.765561 0.192039
0.766410 0.189206
0.768662 0.183044
0.767782 0.181630
0.769261 0.176514
0.769405 0.169379
0.768597 0.168232
0.771382 0.158193
0.771698 0.155966
0.772178 0.151779
0.771806 0.138816
0.772337 0.137867
0.774832 0.131535
0.776447 0.118040
0.777616 0.116827
0.777334 0.082190
0.777334 0.082190
0.777334 0.082190
