0.148516 1.000000
0.166640 0.998712
0.180460 0.997367
0.193197 0.995991
0.205374 0.994719
0.216418 0.993180
0.227155 0.991394
0.237233 0.989344
0.246843 0.987763
0.256276 0.986216
0.265209 0.984267
0.274184 0.982410
0.282403 0.980005
0.290586 0.977688
0.298650 0.975107
0.306594 0.972951
0.314402 0.970290
0.321958 0.967648
0.329655 0.964995
0.337035 0.962255
0.344321 0.959782
0.351287 0.957406
0.358029 0.954669
0.364385 0.951653
0.370486 0.949039
0.376589 0.946177
0.382600 0.943240
0.388359 0.940290
0.393696 0.937028
0.399468 0.934329
0.404846 0.931728
0.410048 0.928592
0.415248 0.925583
0.420244 0.922526
0.425135 0.919251
0.430106 0.916147
0.434826 0.912668
0.439505 0.909284
0.444001 0.906031
0.448517 0.902713
0.452888 0.899523
0.457129 0.896586
0.461612 0.894142
0.465765 0.891105
0.469909 0.888150
0.474129 0.885140
0.478187 0.882131
0.482215 0.879214
0.486184 0.875996
0.489858 0.872802
0.493616 0.869806
0.497364 0.866758
0.500945 0.863548
0.504452 0.860554
0.507832 0.857114
0.511150 0.853946
0.514495 0.850437
0.518330 0.847468
0.521606 0.844204
0.524849 0.841278
0.527988 0.837666
0.531045 0.834406
0.534139 0.831194
0.537132 0.827765
0.540429 0.824868
0.543851 0.821977
0.546851 0.818704
0.550113 0.815720
0.553218 0.812199
0.556212 0.809204
0.559383 0.805761
0.562178 0.802246
0.564758 0.799027
0.567640 0.795425
0.570132 0.791874
0.572621 0.788817
0.575215 0.785928
0.577833 0.782446
0.580305 0.779463
0.583052 0.776225
0.585735 0.772858
0.588406 0.770004
0.590987 0.766883
0.593359 0.763602
0.596091 0.760324
0.598293 0.756948
0.600690 0.753793
0.602819 0.750644
0.605079 0.747371
0.607445 0.743684
0.609673 0.740599
0.611778 0.737341
0.614077 0.734033
0.616275 0.730924
0.618355 0.727484
0.620250 0.724199
0.622568 0.720794
0.624959 0.717524
0.626946 0.714400
0.628784 0.710964
0.630497 0.707484
0.632842 0.704019
0.634881 0.700713
0.636822 0.697618
0.638717 0.694588
0.640752 0.691588
0.642640 0.688591
0.644269 0.685440
0.646214 0.682378
0.648195 0.679176
0.650108 0.675672
0.651964 0.672578
0.653764 0.669191
0.655433 0.665651
0.656827 0.661784
0.658729 0.658481
0.660309 0.655172
0.661878 0.651332
0.663289 0.647617
0.664921 0.643908
0.666320 0.640236
0.668003 0.636975
0.669423 0.632842
0.671178 0.629936
0.673117 0.626824
0.674726 0.623652
0.676588 0.620402
0.678075 0.616924
0.679775 0.613687
0.681214 0.609966
0.682765 0.606328
0.684230 0.603012
0.685850 0.599929
0.687146 0.596215
0.688753 0.592955
0.689941 0.589420
0.691107 0.585967
0.692251 0.582137
0.693421 0.579148
0.694879 0.575872
0.696067 0.572404
0.697003 0.569044
0.698311 0.565276
0.699519 0.562013
0.700617 0.558765
0.702130 0.555464
0.703221 0.551664
0.704131 0.548167
0.705353 0.544544
0.706376 0.540821
0.707543 0.537389
0.708632 0.534055
0.709742 0.530313
0.710875 0.526750
0.712277 0.523550
0.713689 0.520192
0.714601 0.516670
0.715667 0.513014
0.716788 0.509503
0.718188 0.505856
0.719249 0.502238
0.720054 0.498410
0.721313 0.494610
0.721838 0.490728
0.722564 0.486778
0.723725 0.483278
0.724730 0.479675
0.725594 0.476175
0.726782 0.472752
0.727794 0.468948
0.728586 0.465401
0.729985 0.461707
0.730991 0.457762
0.732481 0.453774
0.733029 0.450040
0.734031 0.446420
0.735017 0.442867
0.735891 0.439242
0.736959 0.435380
0.737660 0.431476
0.738090 0.427582
0.739045 0.423550
0.740020 0.420349
0.740761 0.416253
0.741587 0.412783
0.742668 0.408774
0.743732 0.405347
0.744732 0.401307
0.745317 0.397502
0.746208 0.393382
0.746618 0.388879
0.747224 0.384761
0.747815 0.380676
0.748884 0.377237
0.749989 0.373243
0.750770 0.369733
0.751801 0.365734
0.752476 0.361599
0.753603 0.357139
0.754339 0.352694
0.754798 0.348361
0.755429 0.344056
0.755757 0.339483
0.756276 0.335127
0.757059 0.330918
0.757778 0.326614
0.758427 0.322192
0.759162 0.317970
0.760158 0.313365
0.760475 0.309234
0.760396 0.304788
0.761162 0.300357
0.762049 0.295674
0.761962 0.290755
0.762976 0.286471
0.762725 0.281477
0.763000 0.276591
0.763614 0.272006
0.764202 0.266952
0.764541 0.262403
0.764666 0.257314
0.764662 0.252923
0.764654 0.248118
0.765654 0.243323
0.766595 0.238121
0.766728 0.233146
0.766505 0.228324
0.766961 0.223720
0.767490 0.218493
0.767489 0.213928
0.767879 0.209045
0.768251 0.203594
0.768165 0.198556
0.767833 0.193537
0.768674 0.188357
0.768002 0.182798
0.768321 0.178023
0.768188 0.172956
0.769469 0.167860
0.769877 0.162212
0.770347 0.156630
0.771004 0.150316
0.771587 0.144832
0.771992 0.138979
0.771943 0.132665
0.770681 0.126744
0.770020 0.120815
0.770481 0.114262
0.770813 0.108005
0.771188 0.101065
0.770726 0.094108
0.770532 0.087032
0.769837 0.078997
0.770287 0.070271
0.770509 0.060398
0.771519 0.047036
