0.191323 1.000000
0.221317 0.991684
0.221317 0.991684
0.221317 0.991684
0.238790 0.988091
0.239938 0.987623
0.252090 0.984901
0.257571 0.983163
0.258432 0.982545
0.272817 0.979171
0.277497 0.977486
0.281188 0.976558
0.294188 0.973590
0.296526 0.972663
0.306920 0.969455
0.313987 0.967346
0.317040 0.966105
0.329330 0.962655
0.332964 0.961246
0.339935 0.958475
0.348970 0.955526
0.351583 0.954423
0.362288 0.950515
0.368150 0.948274
0.373764 0.945856
0.382858 0.942587
0.386995 0.941145
0.393880 0.938560
0.402622 0.935202
0.406600 0.933427
0.413708 0.930080
0.421191 0.926994
0.425260 0.924938
0.431663 0.921857
0.436955 0.919427
0.441933 0.916958
0.447633 0.913865
0.452925 0.910814
0.457213 0.908611
0.462992 0.905340
0.467924 0.902129
0.473094 0.899405
0.477452 0.897386
0.482142 0.894702
0.488107 0.891092
0.492657 0.888673
0.497377 0.885935
0.501779 0.882674
0.506768 0.879629
0.511377 0.876785
0.515765 0.873548
0.520263 0.870368
0.522394 0.868496
0.526896 0.865291
0.531009 0.862165
0.534517 0.859146
0.538508 0.855862
0.541756 0.852966
0.545588 0.850407
0.549615 0.847362
0.552765 0.845143
0.557536 0.841731
0.559723 0.839489
0.564650 0.835859
0.567289 0.833945
0.571352 0.830690
0.574504 0.827936
0.577258 0.825337
0.580620 0.822597
0.583684 0.819416
0.586233 0.816692
0.589074 0.813099
0.592427 0.810245
0.596124 0.806571
0.598502 0.803989
0.601744 0.800773
0.605094 0.797936
0.607702 0.795249
0.610373 0.792100
0.612893 0.788661
0.615457 0.786292
0.617669 0.783369
0.621655 0.779507
0.623776 0.776804
0.626666 0.773759
0.629266 0.770890
0.631505 0.767858
0.634168 0.764285
0.636086 0.761430
0.638429 0.758365
0.641399 0.755476
0.643994 0.752172
0.646147 0.749058
0.648687 0.746064
0.650876 0.743290
0.652679 0.739888
0.655072 0.736885
0.657509 0.733691
0.659797 0.731137
0.662099 0.728373
0.664370 0.725501
0.666850 0.722018
0.669754 0.718693
0.671252 0.717169
0.673590 0.713494
0.676040 0.710404
0.678497 0.707801
0.680911 0.704666
0.683444 0.701429
0.685436 0.698688
0.687811 0.695145
0.690385 0.692469
0.692659 0.689995
0.695177 0.686309
0.697531 0.683554
0.699826 0.680040
0.702177 0.676981
0.704504 0.673704
0.707213 0.670571
0.709072 0.667258
0.710858 0.664658
0.713201 0.661461
0.715541 0.658511
0.717675 0.654905
0.720034 0.651284
0.721682 0.649062
0.723494 0.645883
0.726415 0.641559
0.726938 0.640676
0.729185 0.636864
0.731893 0.632381
0.733429 0.628962
0.734686 0.626604
0.736682 0.622461
0.738463 0.618917
0.740050 0.615726
0.741513 0.612647
0.742741 0.609598
0.744350 0.606492
0.745730 0.602777
0.747607 0.599932
0.749266 0.597022
0.750585 0.593245
0.752051 0.589732
0.753744 0.586546
0.755192 0.583356
0.756566 0.579676
0.758040 0.576661
0.760083 0.572847
0.761174 0.569726
0.762751 0.565877
0.763991 0.562626
0.764937 0.559182
0.766733 0.555647
0.767387 0.553838
0.768497 0.549803
0.769960 0.546068
0.771362 0.542935
0.773071 0.539430
0.774069 0.536270
0.776163 0.532681
0.777263 0.528175
0.778521 0.525378
0.779783 0.522344
0.781083 0.518583
0.782154 0.515615
0.783536 0.512039
0.784858 0.508380
0.785608 0.504885
0.786544 0.501955
0.787692 0.498443
0.788601 0.495583
0.789604 0.492014
0.790382 0.488895
0.790715 0.485776
0.792244 0.481211
0.793081 0.477659
0.793798 0.474544
0.794524 0.470467
0.795531 0.467149
0.796646 0.463157
0.797612 0.459306
0.798385 0.455057
0.799108 0.452034
0.799925 0.447326
0.800669 0.443350
0.801250 0.439556
0.801728 0.435764
0.802139 0.432317
0.803067 0.428465
0.803358 0.424913
0.803963 0.421500
0.805225 0.417587
0.805793 0.414630
0.806790 0.410102
0.807453 0.407047
0.808350 0.403900
0.809265 0.400085
0.809762 0.396205
0.809695 0.392473
0.810570 0.389169
0.811418 0.385172
0.811868 0.381181
0.812434 0.376949
0.812695 0.372685
0.813300 0.370575
0.813828 0.366308
0.814712 0.362192
0.815307 0.358119
0.815558 0.353640
0.816593 0.349825
0.816820 0.346644
0.816774 0.342660
0.817636 0.339089
0.818091 0.334361
0.818634 0.330423
0.819432 0.326599
0.819902 0.322489
0.820382 0.318143
0.821083 0.315110
0.821432 0.311092
0.822226 0.306516
0.822681 0.303186
0.823451 0.298183
0.823490 0.293630
0.823727 0.290819
0.824200 0.284575
0.824230 0.280962
0.824666 0.277971
0.825410 0.272171
0.825506 0.268847
0.826336 0.264473
0.827028 0.258928
0.828463 0.255432
0.828971 0.249982
0.829815 0.243733
0.830632 0.240748
0.831927 0.233065
0.832114 0.228591
0.832680 0.224332
0.832900 0.214486
0.833447 0.211069
0.834590 0.203833
0.835574 0.195962
0.836247 0.192226
0.838100 0.178833
0.838618 0.176069
0.839525 0.170944
0.839772 0.154205
0.840847 0.152060
0.842057 0.142996
0.842917 0.128111
0.843017 0.125004
0.846971 0.088779
0.846971 0.088779
0.846971 0.088779
