0.148516 1.000000
0.387709 0.964310
0.443586 0.952113
0.470130 0.945469
0.487855 0.940793
0.501240 0.937192
0.512022 0.934137
0.521028 0.931412
0.528761 0.928971
0.535566 0.926705
0.541606 0.924572
0.547058 0.922577
0.552050 0.920724
0.556667 0.918968
0.560958 0.917304
0.564964 0.915691
0.568728 0.914152
0.572279 0.912656
0.575651 0.911216
0.578857 0.909821
0.581900 0.908475
0.584804 0.907158
0.587607 0.905882
0.590285 0.904628
0.592850 0.903399
0.595330 0.902214
0.597722 0.901036
0.600042 0.899881
0.602276 0.898743
0.604425 0.897605
0.606522 0.896466
0.608573 0.895349
0.610571 0.894264
0.612522 0.893204
0.614422 0.892150
0.616274 0.891119
0.618070 0.890102
0.619824 0.889095
0.621549 0.888092
0.623248 0.887114
0.624917 0.886131
0.626556 0.885160
0.628155 0.884202
0.629729 0.883258
0.631270 0.882316
0.632787 0.881376
0.634272 0.880454
0.635721 0.879519
0.637162 0.878588
0.638590 0.877673
0.639988 0.876750
0.641370 0.875851
0.642728 0.874947
0.644067 0.874045
0.645391 0.873133
0.646707 0.872244
0.648008 0.871344
0.649284 0.870448
0.650558 0.869554
0.651802 0.868661
0.653036 0.867756
0.654258 0.866862
0.655466 0.865959
0.656666 0.865048
0.657851 0.864142
0.659010 0.863243
0.660168 0.862341
0.661311 0.861438
0.662438 0.860530
0.663569 0.859633
0.664690 0.858721
0.665797 0.857822
0.666887 0.856909
0.667964 0.855999
0.669031 0.855075
0.670094 0.854159
0.671140 0.853234
0.672186 0.852304
0.673218 0.851369
0.674251 0.850441
0.675264 0.849496
0.676272 0.848569
0.677279 0.847624
0.678287 0.846686
0.679271 0.845708
0.680262 0.844735
0.681234 0.843766
0.682197 0.842798
0.683159 0.841827
0.684108 0.840851
0.685048 0.839872
0.685982 0.838894
0.686920 0.837905
0.687851 0.836918
0.688786 0.835919
0.689721 0.834924
0.690654 0.833925
0.691580 0.832915
0.692495 0.831896
0.693408 0.830874
0.694313 0.829836
0.695212 0.828792
0.696121 0.827745
0.697014 0.826684
0.697901 0.825635
0.698777 0.824560
0.699647 0.823499
0.700513 0.822433
0.701378 0.821359
0.702244 0.820284
0.703113 0.819202
0.703981 0.818104
0.704842 0.817015
0.705691 0.815920
0.706539 0.814830
0.707391 0.813704
0.708240 0.812582
0.709092 0.811453
0.709930 0.810317
0.710771 0.809156
0.711618 0.808000
0.712457 0.806836
0.713309 0.805679
0.714165 0.804510
0.714993 0.803332
0.715815 0.802150
0.716637 0.800941
0.717450 0.799723
0.718272 0.798489
0.719084 0.797247
0.719903 0.796023
0.720718 0.794790
0.721532 0.793525
0.722337 0.792269
0.723140 0.790988
0.723947 0.789705
0.724755 0.788382
0.725553 0.787062
0.726364 0.785751
0.727162 0.784434
0.727951 0.783086
0.728739 0.781732
0.729533 0.780367
0.730325 0.778998
0.731111 0.777603
0.731877 0.776184
0.732679 0.774784
0.733479 0.773358
0.734254 0.771919
0.735024 0.770453
0.735802 0.768997
0.736573 0.767490
0.737353 0.765993
0.738125 0.764483
0.738895 0.762958
0.739669 0.761419
0.740453 0.759862
0.741225 0.758308
0.741989 0.756734
0.742751 0.755141
0.743529 0.753547
0.744286 0.751927
0.745046 0.750292
0.745823 0.748660
0.746597 0.746994
0.747357 0.745323
0.748126 0.743630
0.748901 0.741912
0.749673 0.740191
0.750434 0.738435
0.751188 0.736667
0.751934 0.734875
0.752692 0.733057
0.753430 0.731220
0.754177 0.729360
0.754925 0.727490
0.755661 0.725607
0.756403 0.723671
0.757165 0.721720
0.757927 0.719752
0.758672 0.717745
0.759434 0.715720
0.760191 0.713653
0.760931 0.711568
0.761671 0.709444
0.762443 0.707323
0.763200 0.705185
0.763960 0.703028
0.764720 0.700812
0.765486 0.698570
0.766274 0.696337
0.767070 0.694059
0.767857 0.691750
0.768628 0.689390
0.769402 0.687014
0.770158 0.684600
0.770936 0.682158
0.771706 0.679677
0.772457 0.677154
0.773253 0.674602
0.774043 0.672018
0.774838 0.669379
0.775615 0.666690
0.776436 0.663948
0.777268 0.661186
0.778078 0.658365
0.778893 0.655469
0.779731 0.652513
0.780597 0.649517
0.781488 0.646439
0.782356 0.643311
0.783246 0.640110
0.784124 0.636835
0.785006 0.633524
0.785896 0.630134
0.786764 0.626677
0.787653 0.623173
0.788538 0.619594
0.789483 0.615889
0.790422 0.612113
0.791377 0.608222
0.792338 0.604213
0.793247 0.600116
0.794192 0.595946
0.795167 0.591618
0.796170 0.587175
0.797210 0.582627
0.798300 0.577917
0.799364 0.573099
0.800465 0.568109
0.801508 0.562925
0.802643 0.557569
0.803776 0.551990
0.804899 0.546193
0.806097 0.540119
0.807392 0.533786
0.808698 0.527122
0.810054 0.520131
0.811433 0.512751
0.812825 0.505004
0.814236 0.496782
0.815723 0.488060
0.817171 0.478778
0.818672 0.468882
0.820256 0.458204
0.821892 0.446675
0.823403 0.434132
0.825121 0.420358
0.827175 0.405038
0.829730 0.387768
0.832076 0.368023
0.834455 0.344904
0.837095 0.316821
0.839521 0.281226
0.842539 0.231504
0.846570 0.142878
