0.235087 1.000000
0.647832 0.956069
0.677197 0.948065
0.692956 0.942813
0.704113 0.938760
0.712692 0.935716
0.719305 0.933244
0.725066 0.930767
0.729951 0.928696
0.734430 0.926848
0.738786 0.925090
0.742430 0.923405
0.745761 0.921840
0.748462 0.920539
0.751347 0.919125
0.753431 0.917609
0.755925 0.916328
0.758158 0.914967
0.760907 0.913933
0.762782 0.912903
0.764906 0.911826
0.766880 0.911065
0.768685 0.910148
0.770485 0.908995
0.771975 0.908132
0.773627 0.907146
0.775197 0.906285
0.776768 0.905361
0.777924 0.904567
0.779120 0.903666
0.780420 0.902873
0.781643 0.902142
0.782913 0.901267
0.784365 0.900385
0.785466 0.899651
0.786709 0.898985
0.788085 0.898316
0.789278 0.897593
0.790454 0.896760
0.791521 0.896134
0.792546 0.895431
0.793701 0.894815
0.794675 0.894200
0.795757 0.893587
0.796719 0.892801
0.797632 0.892168
0.798452 0.891528
0.799265 0.890850
0.800167 0.890164
0.801136 0.889412
0.801962 0.888727
0.802765 0.888181
0.803720 0.887635
0.804643 0.887098
0.805536 0.886534
0.806343 0.885930
0.807196 0.885344
0.807966 0.884964
0.808765 0.884525
0.809555 0.883865
0.810139 0.883302
0.810939 0.882827
0.811668 0.882174
0.812431 0.881689
0.813187 0.881222
0.813724 0.880679
0.814352 0.880151
0.815048 0.879593
0.815626 0.879073
0.816309 0.878558
0.816943 0.877948
0.817499 0.877400
0.818017 0.877023
0.818644 0.876536
0.819354 0.876114
0.819916 0.875529
0.820425 0.875011
0.820938 0.874499
0.821470 0.874092
0.822115 0.873551
0.822693 0.873165
0.823216 0.872746
0.823857 0.872326
0.824523 0.871899
0.825025 0.871423
0.825591 0.870898
0.826174 0.870412
0.826662 0.870011
0.827269 0.869562
0.827806 0.869118
0.828408 0.868647
0.828965 0.868039
0.829598 0.867517
0.830091 0.867137
0.830749 0.866613
0.831207 0.866028
0.831888 0.865471
0.832407 0.864932
0.832896 0.864405
0.833479 0.863842
0.833992 0.863455
0.834321 0.862964
0.835023 0.862651
0.835709 0.862207
0.836300 0.861616
0.836804 0.861117
0.837251 0.860702
0.837884 0.860270
0.838498 0.859850
0.839152 0.859465
0.839650 0.859018
0.840062 0.858553
0.840392 0.858070
0.840894 0.857502
0.841572 0.857032
0.842140 0.856576
0.842540 0.856137
0.842962 0.855583
0.843424 0.855069
0.844067 0.854588
0.844458 0.854078
0.844970 0.853505
0.845448 0.852921
0.845823 0.852491
0.846298 0.851937
0.846827 0.851638
0.847344 0.851171
0.847781 0.850662
0.848161 0.849933
0.848626 0.849319
0.849016 0.848782
0.849495 0.848306
0.850011 0.847912
0.850497 0.847333
0.850819 0.846710
0.851314 0.846311
0.851916 0.845632
0.852364 0.845014
0.852813 0.844591
0.853349 0.844061
0.853894 0.843405
0.854286 0.842864
0.854669 0.842361
0.855122 0.841884
0.855667 0.841302
0.856168 0.840712
0.856700 0.840213
0.857055 0.839681
0.857576 0.839032
0.858188 0.838414
0.858638 0.837765
0.859088 0.837218
0.859596 0.836323
0.859960 0.835717
0.860435 0.835006
0.861089 0.834401
0.861616 0.833749
0.862158 0.833366
0.862689 0.832885
0.863091 0.832306
0.863555 0.831740
0.864063 0.831111
0.864506 0.830385
0.865068 0.829755
0.865508 0.828946
0.865997 0.828298
0.866572 0.827650
0.867211 0.827061
0.867592 0.826505
0.868043 0.825648
0.868358 0.825061
0.869017 0.824420
0.869693 0.823749
0.870254 0.823053
0.870707 0.822467
0.871202 0.821775
0.871874 0.821135
0.872608 0.820335
0.873112 0.819680
0.873666 0.818954
0.874030 0.818252
0.874579 0.817587
0.875089 0.816747
0.875536 0.816056
0.876069 0.815333
0.876943 0.814378
0.877314 0.813560
0.877802 0.812807
0.878337 0.812045
0.878883 0.811247
0.879447 0.810311
0.880045 0.809418
0.880766 0.808475
0.881400 0.807563
0.882072 0.806626
0.882784 0.805799
0.883247 0.805017
0.883849 0.804090
0.884487 0.802986
0.885125 0.802065
0.885614 0.801001
0.886312 0.799951
0.886865 0.798899
0.887440 0.797610
0.887976 0.796578
0.888610 0.795379
0.889061 0.794306
0.889725 0.793131
0.890326 0.791939
0.891021 0.790734
0.891704 0.789063
0.892511 0.787907
0.893408 0.786791
0.894030 0.785571
0.894918 0.784217
0.895469 0.782873
0.896403 0.781616
0.897377 0.779912
0.898056 0.778744
0.898815 0.777229
0.899482 0.775758
0.900480 0.774382
0.901491 0.772472
0.902247 0.770760
0.902898 0.768990
0.902905 0.767156
0.903779 0.765321
0.904518 0.763375
0.905521 0.761747
0.906422 0.759412
0.907462 0.756949
0.908567 0.754677
0.909486 0.752293
0.910447 0.749364
0.911698 0.746579
0.912731 0.743852
0.914425 0.741070
0.915787 0.737525
0.917047 0.733682
0.918535 0.730101
0.919752 0.726496
0.921467 0.722308
0.922996 0.717658
0.924850 0.712534
0.926445 0.707670
0.927896 0.701702
0.929318 0.694643
0.930945 0.686304
0.932410 0.676715
0.933391 0.666290
0.934928 0.652980
0.937060 0.636901
0.938129 0.616897
0.938234 0.585162
0.924480 0.530975
0.008000 0.001252
