0.191323 1.000000
0.515384 0.985286
0.584478 0.978897
0.617428 0.975306
0.639316 0.972668
0.655739 0.970519
0.668850 0.968676
0.679768 0.967026
0.689140 0.965517
0.697354 0.964133
0.704677 0.962841
0.711317 0.961632
0.717392 0.960484
0.722974 0.959387
0.728136 0.958341
0.732932 0.957344
0.737424 0.956385
0.741659 0.955451
0.745666 0.954539
0.749464 0.953643
0.753058 0.952763
0.756490 0.951914
0.759777 0.951081
0.762917 0.950256
0.765946 0.949448
0.768853 0.948655
0.771655 0.947869
0.774374 0.947105
0.776997 0.946346
0.779534 0.945602
0.781994 0.944860
0.784388 0.944129
0.786709 0.943404
0.788971 0.942690
0.791177 0.941983
0.793334 0.941280
0.795424 0.940586
0.797465 0.939897
0.799446 0.939216
0.801388 0.938541
0.803288 0.937865
0.805149 0.937193
0.806965 0.936517
0.808743 0.935843
0.810488 0.935175
0.812190 0.934508
0.813873 0.933843
0.815519 0.933183
0.817133 0.932527
0.818714 0.931868
0.820252 0.931210
0.821769 0.930559
0.823272 0.929897
0.824746 0.929236
0.826191 0.928572
0.827611 0.927907
0.829008 0.927235
0.830376 0.926559
0.831730 0.925887
0.833059 0.925208
0.834371 0.924542
0.835661 0.923868
0.836941 0.923202
0.838198 0.922530
0.839445 0.921861
0.840677 0.921193
0.841887 0.920524
0.843084 0.919849
0.844267 0.919171
0.845430 0.918488
0.846582 0.917801
0.847723 0.917120
0.848849 0.916434
0.849962 0.915739
0.851056 0.915046
0.852144 0.914356
0.853221 0.913657
0.854280 0.912956
0.855325 0.912253
0.856361 0.911545
0.857380 0.910832
0.858394 0.910117
0.859397 0.909397
0.860392 0.908681
0.861376 0.907963
0.862346 0.907238
0.863309 0.906509
0.864269 0.905777
0.865210 0.905038
0.866143 0.904286
0.867068 0.903533
0.867978 0.902777
0.868888 0.902018
0.869793 0.901262
0.870690 0.900497
0.871573 0.899726
0.872450 0.898946
0.873320 0.898165
0.874184 0.897387
0.875039 0.896597
0.875888 0.895799
0.876735 0.894988
0.877574 0.894176
0.878413 0.893348
0.879243 0.892525
0.880068 0.891694
0.880883 0.890853
0.881685 0.890008
0.882484 0.889170
0.883282 0.888313
0.884079 0.887450
0.884870 0.886576
0.885648 0.885699
0.886426 0.884822
0.887199 0.883927
0.887976 0.883034
0.888735 0.882124
0.889490 0.881220
0.890241 0.880295
0.891000 0.879370
0.891744 0.878438
0.892476 0.877503
0.893208 0.876556
0.893929 0.875602
0.894645 0.874628
0.895353 0.873656
0.896066 0.872684
0.896770 0.871697
0.897469 0.870700
0.898166 0.869702
0.898859 0.868692
0.899551 0.867677
0.900236 0.866661
0.900921 0.865627
0.901604 0.864586
0.902278 0.863540
0.902947 0.862489
0.903620 0.861428
0.904282 0.860359
0.904942 0.859273
0.905601 0.858184
0.906251 0.857090
0.906898 0.855991
0.907533 0.854869
0.908175 0.853750
0.908807 0.852617
0.909438 0.851477
0.910071 0.850333
0.910705 0.849188
0.911332 0.848007
0.911961 0.846828
0.912588 0.845633
0.913205 0.844426
0.913823 0.843217
0.914441 0.841985
0.915050 0.840737
0.915651 0.839482
0.916249 0.838203
0.916848 0.836922
0.917440 0.835624
0.918029 0.834311
0.918620 0.832986
0.919214 0.831640
0.919797 0.830294
0.920378 0.828922
0.920958 0.827540
0.921535 0.826141
0.922115 0.824725
0.922700 0.823299
0.923273 0.821849
0.923851 0.820370
0.924426 0.818895
0.925002 0.817399
0.925572 0.815895
0.926131 0.814353
0.926684 0.812798
0.927239 0.811235
0.927806 0.809635
0.928363 0.808026
0.928923 0.806406
0.929476 0.804762
0.930032 0.803082
0.930586 0.801383
0.931145 0.799660
0.931692 0.797912
0.932246 0.796128
0.932796 0.794335
0.933340 0.792518
0.933880 0.790669
0.934429 0.788812
0.934976 0.786910
0.935516 0.784988
0.936059 0.783023
0.936606 0.781032
0.937157 0.779029
0.937703 0.776981
0.938257 0.774893
0.938814 0.772775
0.939367 0.770611
0.939922 0.768414
0.940466 0.766181
0.941005 0.763891
0.941549 0.761571
0.942089 0.759208
0.942631 0.756799
0.943169 0.754335
0.943710 0.751835
0.944255 0.749275
0.944796 0.746679
0.945326 0.744027
0.945860 0.741314
0.946404 0.738547
0.946954 0.735723
0.947500 0.732834
0.948067 0.729877
0.948614 0.726834
0.949162 0.723733
0.949731 0.720545
0.950296 0.717266
0.950861 0.713882
0.951435 0.710433
0.952016 0.706864
0.952631 0.703224
0.953254 0.699454
0.953879 0.695567
0.954531 0.691558
0.955164 0.687414
0.955821 0.683131
0.956467 0.678676
0.957127 0.674081
0.957789 0.669284
0.958467 0.664302
0.959144 0.659113
0.959815 0.653694
0.960470 0.648032
0.961163 0.642089
0.961863 0.635864
0.962586 0.629303
0.963302 0.622382
0.963998 0.615036
0.964731 0.607249
0.965486 0.598939
0.966314 0.590024
0.967131 0.580445
0.967967 0.570098
0.968877 0.558820
0.969858 0.546474
0.970867 0.532732
0.971973 0.517318
0.973113 0.499847
0.974514 0.479549
0.975825 0.455363
0.977202 0.425405
0.978736 0.386130
0.980792 0.329007
0.983480 0.219823
