0.191323 1.000000
0.424468 0.991324
0.485856 0.986815
0.523099 0.983475
0.550448 0.980665
0.571724 0.978113
0.589333 0.975953
0.604372 0.973966
0.617329 0.972008
0.628557 0.970208
0.638781 0.968542
0.647945 0.966939
0.656448 0.965413
0.664063 0.964043
0.671385 0.962666
0.677864 0.961415
0.684071 0.960226
0.689765 0.958992
0.695093 0.957744
0.700273 0.956613
0.705180 0.955447
0.709529 0.954309
0.713895 0.953216
0.717967 0.952058
0.722020 0.951076
0.725950 0.950036
0.729549 0.948987
0.732941 0.947992
0.736070 0.947067
0.739292 0.946107
0.742288 0.945169
0.745127 0.944292
0.748119 0.943355
0.750781 0.942504
0.753446 0.941610
0.756061 0.940794
0.758540 0.939982
0.761045 0.939106
0.763536 0.938300
0.765930 0.937450
0.768257 0.936517
0.770487 0.935651
0.772448 0.934805
0.774556 0.933990
0.776608 0.933193
0.778620 0.932439
0.780585 0.931574
0.782280 0.930806
0.783990 0.929978
0.785842 0.929220
0.787515 0.928441
0.789451 0.927602
0.791050 0.926887
0.792617 0.926175
0.794296 0.925447
0.795908 0.924686
0.797556 0.923928
0.799097 0.923134
0.800526 0.922248
0.802018 0.921491
0.803459 0.920679
0.804929 0.919871
0.806378 0.919082
0.807809 0.918342
0.809140 0.917560
0.810460 0.916729
0.811843 0.916015
0.813130 0.915265
0.814466 0.914557
0.815506 0.913742
0.816581 0.912972
0.817820 0.912268
0.819103 0.911582
0.820300 0.910845
0.821338 0.909982
0.822428 0.909201
0.823583 0.908445
0.824639 0.907657
0.825658 0.906840
0.826761 0.906138
0.827856 0.905363
0.828957 0.904640
0.830058 0.903905
0.831149 0.903195
0.832233 0.902444
0.833299 0.901748
0.834357 0.900995
0.835350 0.900163
0.836360 0.899471
0.837388 0.898700
0.838428 0.897895
0.839414 0.897088
0.840397 0.896206
0.841177 0.895340
0.842223 0.894621
0.843057 0.893779
0.844034 0.892975
0.844956 0.892208
0.845905 0.891389
0.846814 0.890611
0.847782 0.889825
0.848707 0.889019
0.849516 0.888244
0.850381 0.887486
0.851250 0.886695
0.852154 0.885917
0.853039 0.885147
0.853916 0.884353
0.854928 0.883681
0.855773 0.882798
0.856655 0.881956
0.857531 0.881137
0.858401 0.880301
0.859209 0.879460
0.860046 0.878598
0.860833 0.877769
0.861621 0.876928
0.862461 0.876069
0.863243 0.875203
0.864068 0.874334
0.864864 0.873345
0.865690 0.872440
0.866459 0.871611
0.867101 0.870777
0.867843 0.869859
0.868570 0.868983
0.869361 0.868112
0.870090 0.867170
0.870829 0.866290
0.871552 0.865412
0.872382 0.864463
0.873078 0.863577
0.873790 0.862687
0.874484 0.861768
0.875215 0.860864
0.876021 0.859886
0.876748 0.858968
0.877445 0.858003
0.878285 0.857034
0.879039 0.856104
0.879662 0.855108
0.880124 0.854058
0.880798 0.853103
0.881635 0.852140
0.882297 0.851158
0.883010 0.850174
0.883663 0.849153
0.884414 0.848141
0.885044 0.847103
0.885728 0.846131
0.886465 0.845096
0.887206 0.844065
0.887858 0.842956
0.888561 0.841859
0.889292 0.840835
0.889949 0.839734
0.890511 0.838640
0.891196 0.837507
0.891807 0.836334
0.892402 0.835128
0.893056 0.833967
0.893705 0.832738
0.894406 0.831621
0.895068 0.830466
0.895681 0.829271
0.896361 0.828071
0.896994 0.826846
0.897586 0.825554
0.898232 0.824316
0.898875 0.823071
0.899593 0.821690
0.900291 0.820403
0.900967 0.819070
0.901422 0.817699
0.902065 0.816380
0.902792 0.814873
0.903578 0.813455
0.904247 0.812053
0.904964 0.810694
0.905680 0.809266
0.905887 0.807802
0.906185 0.806307
0.906584 0.804770
0.907279 0.803237
0.907950 0.801589
0.908665 0.800060
0.909279 0.798495
0.909949 0.796780
0.909950 0.795029
0.910578 0.793228
0.911070 0.791386
0.911665 0.789660
0.912558 0.787940
0.913221 0.786176
0.913616 0.784266
0.914178 0.782433
0.914851 0.780629
0.915660 0.778619
0.916108 0.776620
0.916827 0.774704
0.917567 0.772719
0.918365 0.770563
0.918829 0.768407
0.919491 0.766199
0.920157 0.764022
0.920821 0.761659
0.921452 0.759402
0.921718 0.756864
0.922501 0.754294
0.923174 0.751565
0.923930 0.749085
0.924405 0.746455
0.925088 0.743726
0.925528 0.740690
0.925833 0.737851
0.926555 0.734796
0.927287 0.731684
0.927999 0.728491
0.928510 0.725108
0.928972 0.721583
0.929068 0.718002
0.929799 0.714129
0.930109 0.710272
0.930312 0.706239
0.931142 0.702220
0.930982 0.697930
0.931454 0.693590
0.931982 0.688905
0.932073 0.683782
0.932702 0.678519
0.932932 0.673093
0.932812 0.667448
0.932865 0.661364
0.932910 0.654969
0.932186 0.648315
0.932267 0.641191
0.932274 0.633480
0.931871 0.625052
0.932275 0.616517
0.932196 0.607374
0.931562 0.596968
0.931982 0.585812
0.930725 0.573671
0.930311 0.559936
0.927865 0.544893
0.926341 0.528416
0.921854 0.508982
0.918181 0.487246
0.913577 0.462380
0.901866 0.432200
0.886428 0.396466
0.860228 0.352487
0.817133 0.294164
0.730007 0.215653
0.492509 0.101670
0.000000 0.000000
